111110111001000001010001000111000000101000010000111011010010110010100011001010010100001010101111111010101011011001000101
010010001101100000000010001001100100111111110100000001001100111111110110000010100011111101100111101110101110101010011010
000000001010101111011000001111100011111110111110101100000101010100000000010011000000101100011001111100011100100010111100
001111100010000110010100110110111100100100001000110101000000011011010011011100101111011011100110011000001111011001111111
001001110001001001010001011101001100111111100101000110000110001010000001001010101010110001001101111101100100110101101000
110101001011000100100100101100110110101101101000011000100110110011110000001110111010011000011010110101100010101001010100
010011010110010100100001000100000100011111101011111111000100111111010100010000000111101111011111111101110110110100111010
010010001011010100010101011101111000001011101000111101000111011110010100001010100000101010000001110101011001011100110111
110100100001000101010100100000001110110010011000001001010001010010111110100011001010001011111110010010101010111001010010
010011111101001010110000100001010100101000110111000010101010111000101010010101010001111111000000101011001111000000111000
011000100011011100011110001000011100010011011001101111100000001010110110110010101000100100100010110000001101111111110101
110010011111101101001110000011101010011100001110100010111011100000000000101111101101010101000110111101011010011110010100
010010100100110111001000000101111111001001111101010011011101111000111011000011001110001000010101100110100101100100101100
001000010000110110110101000001110010111011100010110100111001011110010100111111001001001011011001000010100010000111111010
111000110011101001111011001110110111010100110110001000101110100001111110000011110101010110001100101010001110101010111001
110100000110101000000011001111100100000010101100000011100110001011010110100001100111010100111011000110100100101110010100
001100100000101000001101011010111001000101001110001111000011011010001110100010101110011101000001000100100000011110111110
011101001010011000110110000011011001111110010110001101111111000100001111100111101010111000111111001010010011011100010100
000110010110101100000001101000010111101111000001101011001010011110010000010101100111001010011111001110101001010010011110
001111011101110110101011101001011011110111100011011111011110010101010110010111010010111111010000001110101010010100101010
1110000010011110010111111011000000000110011010100001110111110111001111011101000001101011011101010011